Puzzle N8.00
9 5 3 6 1 8 4 2 7 
1 4 7 8 2 5 6 9 3 
3 8 2 4 9 7 5 6 1 
5 9 4 3 7 6 1 8 2 
6 1 8 9 5 3 2 7 4 
7 2 1 5 8 4 9 3 6 
2 3 6 7 4 9 8 1 5 
4 6 9 2 3 1 7 5 8 
8 7 5 1 6 2 3 4 9 

Puzzle N8.01
7 5 6 4 2 3 1 9 8 
8 2 1 3 4 9 7 6 5 
9 4 7 8 1 6 5 2 3 
6 8 5 7 3 1 9 4 2 
2 3 9 6 7 4 8 5 1 
1 9 2 5 6 7 3 8 4 
3 1 8 9 5 2 4 7 6 
4 7 3 2 8 5 6 1 9 
5 6 4 1 9 8 2 3 7 

Puzzle N8.02
7 5 6 8 4 3 2 9 1 
4 1 9 2 6 8 3 5 7 
3 2 1 9 7 5 6 8 4 
2 3 8 7 1 9 5 4 6 
5 6 4 1 8 7 9 3 2 
9 4 5 3 2 6 7 1 8 
1 9 2 6 5 4 8 7 3 
6 8 7 5 3 1 4 2 9 
8 7 3 4 9 2 1 6 5 

Puzzle N8.03
1 7 8 3 4 2 9 5 6 
4 5 2 9 7 6 1 3 8 
5 6 9 8 3 7 2 1 4 
8 2 6 1 5 3 4 9 7 
9 3 4 7 8 5 6 2 1 
7 1 3 6 9 8 5 4 2 
3 4 7 2 1 9 8 6 5 
2 8 5 4 6 1 3 7 9 
6 9 1 5 2 4 7 8 3 

Puzzle N8.04
5 1 4 2 9 7 6 3 8 
8 3 6 7 5 1 4 2 9 
9 5 1 6 2 3 8 4 7 
4 6 8 9 7 2 3 5 1 
7 2 3 8 1 4 5 9 6 
6 9 5 4 3 8 7 1 2 
1 4 9 5 8 6 2 7 3 
3 7 2 1 6 5 9 8 4 
2 8 7 3 4 9 1 6 5 

Puzzle N8.05
6 5 1 9 7 3 4 8 2 
4 2 7 1 3 8 5 6 9 
8 9 4 6 2 1 3 5 7 
3 8 6 5 4 2 7 9 1 
2 6 9 7 1 4 8 3 5 
1 4 5 3 9 6 2 7 8 
7 3 2 8 5 9 1 4 6 
5 1 8 4 6 7 9 2 3 
9 7 3 2 8 5 6 1 4 

Puzzle N8.06
9 7 3 1 4 5 2 8 6 
8 6 4 5 1 9 7 2 3 
2 5 8 4 9 6 3 7 1 
1 8 5 7 3 2 6 9 4 
3 4 2 9 7 1 8 6 5 
7 1 6 2 8 4 5 3 9 
6 9 7 3 5 8 4 1 2 
5 3 9 6 2 7 1 4 8 
4 2 1 8 6 3 9 5 7 

Puzzle N8.07
3 9 8 4 2 1 7 6 5 
6 5 2 1 7 4 8 3 9 
9 7 4 8 5 3 2 1 6 
7 3 5 6 1 2 9 8 4 
8 1 6 9 3 7 5 4 2 
2 4 3 5 8 6 1 9 7 
4 6 7 2 9 8 3 5 1 
1 2 9 3 6 5 4 7 8 
5 8 1 7 4 9 6 2 3 

Puzzle N8.08
3 1 8 9 5 7 4 6 2 
7 6 2 1 3 5 9 4 8 
5 2 6 7 4 8 3 9 1 
4 9 7 3 8 2 1 5 6 
9 8 4 5 6 1 7 2 3 
6 5 1 2 9 4 8 3 7 
2 4 9 8 1 3 6 7 5 
8 3 5 6 7 9 2 1 4 
1 7 3 4 2 6 5 8 9 

Puzzle N8.09
2 1 5 7 3 8 6 9 4 
3 9 6 5 7 4 1 2 8 
4 8 1 9 2 6 3 7 5 
9 7 4 8 6 5 2 1 3 
5 6 3 4 1 2 7 8 9 
6 2 7 3 8 9 4 5 1 
1 5 9 2 4 3 8 6 7 
8 3 2 1 5 7 9 4 6 
7 4 8 6 9 1 5 3 2 

Puzzle N8.10
8 3 4 9 6 5 7 2 1 
2 5 7 1 4 9 3 8 6 
7 1 8 6 2 3 4 9 5 
4 9 3 8 1 7 5 6 2 
9 6 5 2 7 8 1 3 4 
6 4 2 5 8 1 9 7 3 
3 2 6 7 5 4 8 1 9 
5 7 1 3 9 6 2 4 8 
1 8 9 4 3 2 6 5 7 

Puzzle N8.11
7 2 4 3 1 8 9 6 5 
6 5 1 8 9 4 7 2 3 
9 8 3 5 6 7 4 1 2 
1 4 7 2 3 5 8 9 6 
4 1 6 9 5 2 3 7 8 
3 7 8 6 2 1 5 4 9 
2 9 5 7 8 6 1 3 4 
8 3 2 4 7 9 6 5 1 
5 6 9 1 4 3 2 8 7 

Puzzle N8.12
1 9 3 4 2 8 7 6 5 
5 8 7 6 4 3 9 2 1 
7 2 6 1 5 4 3 8 9 
2 3 8 7 9 1 4 5 6 
6 1 5 9 7 2 8 4 3 
4 6 9 8 3 5 1 7 2 
8 4 1 5 6 9 2 3 7 
3 5 4 2 1 7 6 9 8 
9 7 2 3 8 6 5 1 4 

Puzzle N8.13
6 4 8 3 2 1 7 9 5 
1 7 4 9 5 6 8 3 2 
5 3 9 7 1 8 2 6 4 
2 8 7 1 9 5 3 4 6 
4 6 1 8 3 2 5 7 9 
3 5 2 6 7 4 9 1 8 

9 2 3 4 8 7 6 5 1 
7 1 5 2 6 9 4 8 3 
8 9 6 5 4 3 1 2 7 

Puzzle N8.14
4 2 3 9 6 8 1 5 7 
9 1 4 5 7 3 6 2 8 
7 3 9 2 1 5 8 4 6 
5 8 2 6 4 9 7 1 3 
6 4 1 8 5 7 3 9 2 
8 9 6 1 3 2 4 7 5 
3 5 7 4 9 6 2 8 1 
2 7 5 3 8 1 9 6 4 
1 6 8 7 2 4 5 3 9 

Puzzle N8.15
3 8 7 2 5 9 6 1 4 
1 6 9 5 7 4 3 8 2 
7 5 2 4 6 1 8 9 3 
2 1 4 9 3 8 5 6 7 
4 3 8 6 9 2 7 5 1 
8 9 3 7 2 5 1 4 6 
6 2 5 1 4 7 9 3 8 
5 7 1 3 8 6 4 2 9 
9 4 6 8 1 3 2 7 5 

Puzzle N8.16
3 5 6 8 9 2 4 1 7 
1 4 2 7 8 3 9 5 6 
9 6 3 2 4 5 1 7 8 
4 1 7 9 6 8 5 2 3 
2 8 4 5 7 9 6 3 1 
5 9 8 1 3 6 7 4 2 
7 2 1 3 5 4 8 6 9 
6 3 9 4 1 7 2 8 5 
8 7 5 6 2 1 3 9 4 

Puzzle N8.17
1 4 7 8 5 2 3 6 9 
3 6 5 7 9 1 2 4 8 
9 2 6 3 8 4 1 5 7 
4 8 2 5 1 3 7 9 6 
2 5 3 6 4 8 9 7 1 
7 1 4 9 2 5 6 8 3 
6 9 8 1 3 7 5 2 4 
8 3 9 2 7 6 4 1 5 
5 7 1 4 6 9 8 3 2 

Puzzle N8.18
2 3 7 4 9 8 1 5 6 
6 4 8 1 3 5 2 7 9 
1 9 5 7 2 6 3 4 8 
5 8 2 6 7 9 4 1 3 
7 6 3 9 1 4 8 2 5 
8 1 4 2 5 3 9 6 7 
9 5 1 8 6 2 7 3 4 
4 7 6 3 8 1 5 9 2 
3 2 9 5 4 7 6 8 1 

Puzzle N8.19
7 9 4 2 6 8 3 1 5 
8 1 2 6 3 7 4 5 9 
3 6 9 7 1 5 2 4 8 
5 2 8 9 4 3 1 6 7 
4 7 3 8 5 1 9 2 6 
1 5 7 4 9 6 8 3 2 
6 3 5 1 2 9 7 8 4 
2 8 6 3 7 4 5 9 1 
9 4 1 5 8 2 6 7 3 

Puzzle N8.20
9 5 1 3 2 7 4 8 6 
2 7 8 6 4 1 3 9 5 
6 4 3 1 8 5 7 2 9 
5 8 9 2 7 4 1 6 3 
7 9 2 5 3 6 8 1 4 
3 6 4 8 1 9 5 7 2 
1 3 6 9 5 8 2 4 7 
4 1 5 7 6 2 9 3 8 
8 2 7 4 9 3 6 5 1 

Puzzle N8.21
9 6 3 5 7 2 1 8 4 
2 4 8 6 1 3 9 5 7 
1 5 7 4 8 6 2 3 9 
3 1 5 9 2 7 8 4 6 
8 9 6 7 3 1 4 2 5 
4 3 2 8 6 9 5 7 1 
5 7 9 1 4 8 3 6 2 
6 2 4 3 9 5 7 1 8 
7 8 1 2 5 4 6 9 3 

Puzzle N8.22
3 1 5 8 4 6 2 7 9 
2 6 7 4 9 8 5 3 1 
6 9 1 7 8 4 3 2 5 
9 5 3 6 2 1 4 8 7 
1 8 2 3 5 9 7 4 6 
7 4 9 5 3 2 6 1 8 
8 7 6 2 1 3 9 5 4 
4 2 8 9 7 5 1 6 3 
5 3 4 1 6 7 8 9 2 

Puzzle N8.23
1 4 9 6 2 7 5 3 8 
6 3 5 9 7 8 4 1 2 
2 8 1 5 3 4 6 9 7 
7 5 3 8 1 9 2 4 6 
8 6 4 2 9 1 7 5 3 
4 1 2 7 6 5 3 8 9 
5 7 8 3 4 6 9 2 1 
3 9 7 4 8 2 1 6 5 
9 2 6 1 5 3 8 7 4 

Puzzle N8.24
3 5 6 2 1 7 4 8 9 
8 9 4 7 3 1 6 5 2 
4 7 1 6 5 9 3 2 8 
6 8 9 3 2 5 7 1 4 
7 2 5 4 8 6 9 3 1 
2 1 8 9 4 3 5 7 6 
1 4 7 5 9 2 8 6 3 
9 6 3 1 7 8 2 4 5 
5 3 2 8 6 4 1 9 7 

Puzzle N8.25
8 9 1 5 2 4 3 6 7 
3 2 6 8 7 5 1 4 9 
1 5 4 3 6 7 8 9 2 
7 4 5 9 1 6 2 3 8 
9 6 7 2 3 8 4 1 5 
5 8 3 1 9 2 6 7 4 
6 1 2 4 5 9 7 8 3 
2 7 8 6 4 3 9 5 1 
4 3 9 7 8 1 5 2 6 

Puzzle N8.26
1 3 5 8 6 2 4 7 9 
9 8 7 5 4 3 6 1 2 
7 5 4 6 1 9 2 3 8 
6 4 3 7 2 1 8 9 5 
2 9 8 1 3 4 5 6 7 
8 7 9 2 5 6 1 4 3 
5 6 1 9 7 8 3 2 4 
3 2 6 4 8 7 9 5 1 
4 1 2 3 9 5 7 8 6 

Puzzle N8.27
5 7 4 1 8 3 6 2 9 
1 9 2 5 3 7 8 6 4 
3 2 6 9 4 1 5 7 8 
4 1 8 3 5 6 7 9 2 
8 6 9 4 7 2 1 3 5 
7 3 5 8 2 9 4 1 6 
2 8 3 7 6 5 9 4 1 
9 5 7 6 1 4 2 8 3 
6 4 1 2 9 8 3 5 7 

Puzzle N8.28
5 6 4 8 3 1 2 7 9 
2 9 8 7 1 5 4 6 3 
1 3 7 9 4 2 6 8 5 
6 2 5 3 7 4 8 9 1 
7 1 9 5 8 6 3 4 2 
3 8 1 6 5 9 7 2 4 
4 7 3 2 9 8 5 1 6 
9 5 6 4 2 7 1 3 8 
8 4 2 1 6 3 9 5 7 

Puzzle N8.29
1 7 9 4 6 5 2 8 3 
8 6 2 7 3 1 9 4 5 
5 2 3 8 9 4 7 6 1 
4 1 7 3 5 8 6 2 9 
9 5 4 1 2 3 8 7 6 
2 3 8 6 7 9 5 1 4 
3 9 6 2 1 7 4 5 8 
6 8 1 5 4 2 3 9 7 
7 4 5 9 8 6 1 3 2 

Puzzle N8.30
2 7 8 3 5 6 9 4 1 
4 9 1 6 2 8 7 5 3 
6 2 5 1 3 9 8 7 4 
3 1 4 7 6 5 2 9 8 
7 8 9 5 4 3 1 6 2 
8 5 2 4 1 7 6 3 9 
9 4 6 8 7 2 3 1 5 
1 3 7 2 9 4 5 8 6 
5 6 3 9 8 1 4 2 7 

Puzzle N8.31
8 1 5 6 2 3 9 7 4 
4 2 9 7 3 1 5 8 6 
3 7 8 9 4 2 6 5 1 
2 8 1 5 6 9 7 4 3 
6 4 7 3 9 8 2 1 5 
5 9 3 4 8 7 1 6 2 
1 5 6 2 7 4 8 3 9 
7 3 2 1 5 6 4 9 8 
9 6 4 8 1 5 3 2 7 

Puzzle N8.32
7 9 3 6 4 2 8 1 5 
1 4 2 3 5 9 7 8 6 
2 5 8 1 7 6 3 4 9 
6 8 1 9 2 4 5 3 7 
4 3 5 7 1 8 9 6 2 
5 7 9 8 6 3 1 2 4 
9 1 4 2 8 5 6 7 3 
8 2 6 5 3 7 4 9 1 
3 6 7 4 9 1 2 5 8 

Puzzle N8.33
1 2 8 7 3 5 9 6 4 
3 5 6 1 2 9 8 4 7 
9 4 7 6 8 2 1 5 3 
6 3 4 9 1 7 2 8 5 
5 9 1 8 4 3 7 2 6 
7 8 2 4 5 6 3 9 1 
2 7 5 3 6 8 4 1 9 
8 1 9 5 7 4 6 3 2 
4 6 3 2 9 1 5 7 8 

Puzzle N8.34
5 3 4 8 9 7 2 1 6 
9 7 1 2 6 3 5 8 4 
1 2 8 5 7 6 4 3 9 
8 6 3 9 4 5 7 2 1 
3 4 9 1 5 8 6 7 2 
2 5 6 7 3 9 1 4 8 
6 8 7 4 1 2 9 5 3 
7 1 2 6 8 4 3 9 5 
4 9 5 3 2 1 8 6 7 

Puzzle N8.35
9 2 5 6 1 4 7 3 8 
1 3 7 9 6 5 8 2 4 
4 8 6 1 7 3 9 5 2 
7 1 4 3 2 8 6 9 5 
2 9 8 5 4 7 1 6 3 
6 5 2 7 3 9 4 8 1 
3 4 1 8 5 6 2 7 9 
8 6 3 2 9 1 5 4 7 
5 7 9 4 8 2 3 1 6 

Puzzle N8.36
7 6 2 4 9 5 8 1 3 
9 3 8 6 2 1 4 7 5 
1 8 5 7 3 4 2 9 6 
4 5 9 1 7 6 3 8 2 
6 7 3 5 8 2 1 4 9 
3 2 4 9 1 8 6 5 7 
8 1 6 3 5 9 7 2 4 
2 9 7 8 4 3 5 6 1 
5 4 1 2 6 7 9 3 8 

Puzzle N8.37
3 7 2 6 5 4 1 8 9 
6 9 1 4 7 8 3 2 5 
1 8 4 5 9 3 7 6 2 
9 4 7 1 8 2 6 5 3 
8 5 3 2 6 1 9 7 4 
2 3 5 7 4 9 8 1 6 
4 6 8 3 2 7 5 9 1 
7 1 6 9 3 5 2 4 8 
5 2 9 8 1 6 4 3 7 

Puzzle N8.38
6 9 4 8 1 3 5 7 2 
5 7 3 2 8 6 4 9 1 
9 2 1 4 3 5 7 8 6 
8 1 5 7 6 9 3 2 4 
2 4 7 6 5 8 1 3 9 
3 6 2 9 4 7 8 1 5 
1 3 9 5 7 2 6 4 8 
4 5 8 3 9 1 2 6 7 
7 8 6 1 2 4 9 5 3 

Puzzle N8.39
1 3 4 5 9 2 6 8 7 
8 7 2 9 6 1 3 4 5 
6 8 3 2 7 5 9 1 4 
9 2 7 4 1 3 8 5 6 
4 6 1 8 5 7 2 3 9 
5 4 8 6 3 9 7 2 1 
3 5 9 1 2 6 4 7 8 
2 9 5 7 8 4 1 6 3 
7 1 6 3 4 8 5 9 2 

Puzzle N8.40
1 2 9 4 7 6 5 3 8 
7 5 3 6 1 2 8 9 4 
8 6 4 7 5 9 1 2 3 
5 9 1 8 3 4 7 6 2 
2 3 6 5 8 1 4 7 9 
4 7 5 9 2 3 6 8 1 
3 8 2 1 4 7 9 5 6 
9 4 8 3 6 5 2 1 7 
6 1 7 2 9 8 3 4 5 

Puzzle N8.41
9 6 8 1 3 7 5 2 4 
4 1 6 2 9 5 8 3 7 
7 3 2 5 4 1 9 6 8 
5 8 9 4 2 3 6 7 1 
2 9 5 7 1 4 3 8 6 
6 5 7 3 8 9 4 1 2 
1 4 3 8 6 2 7 9 5 
3 2 4 6 7 8 1 5 9 
8 7 1 9 5 6 2 4 3 

Puzzle N8.42
2 3 9 5 7 8 6 4 1 
6 4 1 2 8 3 7 9 5 
7 9 8 6 5 1 3 2 4 
3 1 5 4 9 6 8 7 2 
9 5 7 3 2 4 1 6 8 
8 2 4 1 6 7 9 5 3 
1 6 3 9 4 2 5 8 7 
5 7 2 8 1 9 4 3 6 
4 8 6 7 3 5 2 1 9 

Puzzle N8.43
9 5 1 3 7 4 8 6 2 
4 6 8 9 2 7 5 3 1 
2 7 3 1 4 5 9 8 6 
5 9 2 6 8 1 3 4 7 
1 8 6 7 3 9 4 2 5 
7 3 4 8 1 2 6 5 9 
8 1 5 2 6 3 7 9 4 
6 2 9 4 5 8 1 7 3 
3 4 7 5 9 6 2 1 8 

Puzzle N8.44
1 8 9 5 2 7 3 4 6 
6 5 8 7 9 1 4 3 2 
2 3 1 4 5 6 8 7 9 
7 9 6 2 4 3 5 1 8 
4 7 3 6 1 8 9 2 5 
3 2 5 8 7 4 6 9 1 
8 6 7 9 3 2 1 5 4 
5 4 2 1 8 9 7 6 3 
9 1 4 3 6 5 2 8 7 

Puzzle N8.45
8 5 3 7 2 4 1 6 9 
9 2 1 8 6 3 4 5 7 
6 4 9 1 7 5 2 8 3 
4 7 6 9 8 2 3 1 5 
5 1 8 3 9 7 6 2 4 
2 3 4 5 1 6 7 9 8 
1 9 2 4 3 8 5 7 6 
3 8 7 6 5 1 9 4 2 
7 6 5 2 4 9 8 3 1 

Puzzle N8.46
8 7 9 3 1 2 6 4 5 
4 6 5 2 7 8 1 9 3 
1 2 3 9 6 4 7 5 8 
9 4 7 5 2 3 8 1 6 
6 5 2 8 9 1 3 7 4 
5 3 1 7 4 6 9 8 2 
7 8 4 1 3 5 2 6 9 
3 1 6 4 8 9 5 2 7 
2 9 8 6 5 7 4 3 1 

Puzzle N8.47
6 2 9 1 4 5 8 3 7 
1 8 3 7 6 2 9 4 5 
3 6 8 2 5 9 4 7 1 
5 7 1 9 8 4 3 6 2 
4 9 5 3 2 8 7 1 6 
7 5 2 4 3 1 6 8 9 
9 1 4 6 7 3 2 5 8 
8 3 7 5 9 6 1 2 4 
2 4 6 8 1 7 5 9 3 

Puzzle N8.48
7 9 5 2 3 1 4 8 6 
6 3 1 5 4 9 8 2 7 
8 4 2 7 1 6 3 9 5 
2 7 3 9 6 4 5 1 8 
5 8 6 1 7 2 9 4 3 
4 6 7 8 9 3 1 5 2 
9 5 4 3 2 8 6 7 1 
1 2 9 6 8 5 7 3 4 
3 1 8 4 5 7 2 6 9 

Puzzle N8.49
1 8 6 3 4 5 9 2 7 
5 9 2 4 8 3 6 7 1 
7 6 4 5 2 1 3 8 9 
4 2 8 9 6 7 1 3 5 
2 3 5 1 7 9 8 4 6 
3 7 1 6 5 8 4 9 2 
6 5 3 2 9 4 7 1 8 
9 4 7 8 1 6 2 5 3 
8 1 9 7 3 2 5 6 4 

Puzzle N8.50
2 7 1 3 6 8 4 5 9 
6 8 5 1 7 9 2 3 4 
9 4 3 8 5 2 1 7 6 
4 2 9 6 3 7 5 8 1 
5 3 8 4 9 1 6 2 7 
1 6 4 7 2 5 8 9 3 
7 9 6 2 8 4 3 1 5 
3 5 2 9 1 6 7 4 8 
8 1 7 5 4 3 9 6 2 

Puzzle N8.51
5 1 4 2 6 7 9 3 8 
8 9 7 1 3 4 5 2 6 
4 6 3 7 2 8 1 9 5 
9 8 2 4 5 3 6 1 7 
6 3 1 9 8 2 7 5 4 
1 4 8 5 7 9 2 6 3 
7 5 6 3 9 1 4 8 2 
3 2 9 6 4 5 8 7 1 
2 7 5 8 1 6 3 4 9 

Puzzle N8.52
5 1 9 8 2 4 7 3 6 
2 7 3 6 1 5 9 4 8 
3 9 4 7 8 6 2 1 5 
1 6 5 9 3 8 4 2 7 
7 8 2 4 5 1 6 9 3 
6 4 8 3 7 9 1 5 2 
4 3 6 2 9 7 5 8 1 
9 2 1 5 6 3 8 7 4 
8 5 7 1 4 2 3 6 9 

Puzzle N8.53
2 3 9 7 4 5 8 1 6 
6 8 5 1 2 9 7 4 3 
7 9 6 8 1 3 2 5 4 
4 2 1 3 7 6 9 8 5 
8 5 3 4 9 1 6 7 2 
3 6 7 2 5 8 4 9 1 
5 4 2 6 8 7 1 3 9 
1 7 4 9 3 2 5 6 8 
9 1 8 5 6 4 3 2 7 

Puzzle N8.54
4 1 3 8 9 7 6 2 5 
2 7 9 6 1 5 3 8 4 
3 5 2 4 7 9 1 6 8 
1 9 8 3 6 4 2 5 7 
6 4 7 5 2 3 8 1 9 
8 2 4 7 5 6 9 3 1 
5 3 1 9 8 2 7 4 6 
7 6 5 1 3 8 4 9 2 
9 8 6 2 4 1 5 7 3 

Puzzle N8.55
5 3 8 1 7 4 6 2 9 
1 6 9 2 3 8 5 4 7 
2 4 7 6 8 9 1 3 5 
7 5 4 3 1 2 9 8 6 
8 9 1 4 6 5 3 7 2 
3 2 5 7 9 6 4 1 8 
9 1 2 5 4 7 8 6 3 
6 7 3 8 5 1 2 9 4 
4 8 6 9 2 3 7 5 1 

Puzzle N8.56
3 7 8 5 6 4 9 1 2 
2 6 1 9 4 5 7 8 3 
7 5 2 6 1 8 3 4 9 
9 4 3 7 8 1 6 2 5 
8 3 6 4 9 2 1 5 7 
1 9 5 2 3 7 8 6 4 
6 2 7 8 5 9 4 3 1 
4 1 9 3 2 6 5 7 8 
5 8 4 1 7 3 2 9 6 

Puzzle N8.57
6 7 2 1 9 3 5 8 4 
3 5 4 9 2 1 7 6 8 
8 4 5 7 1 6 3 2 9 
2 1 3 4 5 8 6 9 7 
1 9 8 6 3 7 2 4 5 
5 6 7 8 4 2 9 3 1 
9 3 1 5 6 4 8 7 2 
7 2 9 3 8 5 4 1 6 
4 8 6 2 7 9 1 5 3 

Puzzle N8.58
1 6 2 5 3 8 9 4 7 
8 5 3 4 7 6 2 1 9 
4 3 9 7 2 1 6 5 8 
7 9 5 6 1 3 4 8 2 
5 2 1 8 6 7 3 9 4 
3 7 8 2 4 9 1 6 5 
9 4 6 1 8 5 7 2 3 
6 8 4 3 9 2 5 7 1 
2 1 7 9 5 4 8 3 6 

Puzzle N8.59
6 5 8 9 2 1 3 7 4 
3 1 7 8 9 4 6 5 2 
4 9 5 2 3 6 7 1 8 
2 7 4 6 5 9 8 3 1 
5 3 1 4 8 7 2 9 6 
7 8 6 3 1 2 5 4 9 
1 4 3 7 6 8 9 2 5 
8 2 9 5 4 3 1 6 7 
9 6 2 1 7 5 4 8 3 

Puzzle N8.60
4 5 6 3 7 2 1 8 9 
2 8 1 9 6 3 5 4 7 
7 1 9 2 4 5 3 6 8 
1 9 2 7 8 4 6 5 3 
8 3 5 6 2 7 4 9 1 
6 4 3 5 1 9 8 7 2 
3 7 8 1 5 6 9 2 4 
5 2 4 8 9 1 7 3 6 
9 6 7 4 3 8 2 1 5 

Puzzle N8.61
6 8 9 7 2 3 1 5 4 
3 2 7 5 4 8 6 9 1 
5 4 1 9 6 2 8 7 3 
2 6 8 1 5 4 9 3 7 
9 1 5 3 8 7 4 2 6 
7 3 6 4 1 9 2 8 5 
8 5 4 2 3 6 7 1 9 
4 9 3 8 7 1 5 6 2 
1 7 2 6 9 5 3 4 8 

Puzzle N8.62
9 7 4 6 1 8 2 5 3 
1 8 2 5 4 3 6 7 9 
3 6 5 9 8 2 7 1 4 
6 5 7 2 3 4 1 9 8 
8 1 9 7 5 6 3 4 2 
2 4 3 1 9 7 5 8 6 
4 2 6 8 7 5 9 3 1 
7 3 1 4 6 9 8 2 5 
5 9 8 3 2 1 4 6 7 

Puzzle N8.63
8 6 9 2 4 7 5 1 3 
4 7 5 3 1 6 8 2 9 
1 5 3 8 2 4 9 7 6 
3 9 6 7 5 1 2 8 4 
6 1 8 9 3 2 7 4 5 
5 4 7 6 8 9 1 3 2 
2 8 4 5 7 3 6 9 1 
9 2 1 4 6 8 3 5 7 
7 3 2 1 9 5 4 6 8 

Puzzle N8.64
4 7 9 1 5 3 2 6 8 
5 3 8 2 6 4 7 1 9 
3 6 4 5 1 8 9 7 2 
8 5 2 6 9 1 4 3 7 
9 4 3 7 8 6 5 2 1 
2 1 7 9 3 5 6 8 4 
6 8 1 4 2 7 3 9 5 
7 2 6 8 4 9 1 5 3 
1 9 5 3 7 2 8 4 6 

Puzzle N8.65
5 8 4 9 2 1 7 6 3 
1 7 2 3 6 8 9 5 4 
9 4 8 6 5 2 3 1 7 
6 2 3 4 8 7 5 9 1 
3 9 7 1 4 6 8 2 5 
7 1 5 8 9 4 2 3 6 
2 6 1 5 3 9 4 7 8 
4 3 6 2 7 5 1 8 9 
8 5 9 7 1 3 6 4 2 

Puzzle N8.66
4 5 6 1 2 9 8 7 3 
7 2 8 3 9 6 4 5 1 
3 1 2 6 7 8 5 9 4 
9 8 5 7 1 4 3 2 6 
6 9 4 8 3 5 2 1 7 
2 7 9 4 5 1 6 3 8 
1 4 3 5 6 7 9 8 2 
8 3 1 9 4 2 7 6 5 
5 6 7 2 8 3 1 4 9 

Puzzle N8.67
4 8 9 7 6 3 2 5 1 
2 1 3 9 8 5 7 6 4 
9 6 5 8 4 1 3 2 7 
5 7 2 3 1 8 6 4 9 
6 4 1 2 7 9 5 3 8 
1 3 7 5 2 4 9 8 6 
8 9 6 4 5 2 1 7 3 
7 2 8 1 3 6 4 9 5 
3 5 4 6 9 7 8 1 2 

Puzzle N8.68
8 5 4 3 1 6 7 2 9 
6 2 1 9 7 4 5 8 3 
7 9 6 8 2 3 1 4 5 
2 1 8 5 4 9 3 6 7 
3 6 5 1 8 2 9 7 4 
9 4 7 2 3 5 8 1 6 
4 7 9 6 5 8 2 3 1 
5 3 2 7 6 1 4 9 8 
1 8 3 4 9 7 6 5 2 

Puzzle N8.69
5 3 1 9 8 7 6 2 4 
6 4 9 2 5 3 1 8 7 
1 8 6 3 2 4 5 7 9 
4 7 5 8 9 1 2 6 3 
7 1 2 4 3 8 9 5 6 
8 9 7 6 1 5 4 3 2 
3 2 4 5 7 6 8 9 1 
9 5 3 1 6 2 7 4 8 
2 6 8 7 4 9 3 1 5 

Puzzle N8.70
4 3 6 2 1 9 8 7 5 
9 5 4 1 7 2 6 3 8 
1 7 9 8 3 5 4 6 2 
5 8 3 6 2 7 1 4 9 
6 2 8 3 5 4 9 1 7 
3 6 7 9 4 8 5 2 1 
7 9 1 5 6 3 2 8 4 
2 1 5 4 8 6 7 9 3 
8 4 2 7 9 1 3 5 6 

Puzzle N8.71
9 7 4 8 5 3 2 1 6 
2 6 3 7 4 1 8 9 5 
1 5 2 6 7 8 9 4 3 
6 9 7 2 3 4 1 5 8 
4 1 5 9 8 2 6 3 7 
8 3 9 1 6 5 4 7 2 
3 4 1 5 2 6 7 8 9 
5 8 6 4 9 7 3 2 1 
7 2 8 3 1 9 5 6 4 

Puzzle N8.72
7 1 5 9 3 6 2 4 8 
8 3 2 4 7 1 6 9 5 
5 4 6 8 1 2 9 7 3 
9 6 3 2 4 5 8 1 7 
6 7 1 5 9 3 4 8 2 
1 2 9 7 8 4 3 5 6 
4 5 8 3 2 7 1 6 9 
3 9 7 1 6 8 5 2 4 
2 8 4 6 5 9 7 3 1 

Puzzle N8.73
8 9 4 5 7 6 3 2 1 
2 4 6 3 1 8 7 5 9 
1 6 7 2 9 5 4 3 8 
3 5 8 9 2 4 1 7 6 
9 2 1 7 6 3 8 4 5 
4 8 3 6 5 2 9 1 7 
5 7 9 4 3 1 6 8 2 
7 3 2 1 8 9 5 6 4 
6 1 5 8 4 7 2 9 3 

Puzzle N8.74
3 9 5 1 8 2 7 6 4 
7 5 1 2 6 4 3 8 9 
8 4 2 7 3 9 6 1 5 
4 6 9 3 1 8 2 5 7 
1 7 3 5 4 6 9 2 8 
2 8 6 9 7 5 4 3 1 
5 3 4 8 2 7 1 9 6 
9 1 7 6 5 3 8 4 2 
6 2 8 4 9 1 5 7 3 

Puzzle N8.75
5 9 4 3 6 7 8 1 2 
7 6 2 1 8 3 4 9 5 
4 8 1 5 2 9 3 7 6 
1 2 8 9 7 4 6 5 3 
3 7 5 4 1 8 2 6 9 
9 5 6 7 3 2 1 8 4 
6 1 3 2 9 5 7 4 8 
2 4 7 8 5 6 9 3 1 
8 3 9 6 4 1 5 2 7 

Puzzle N8.76
1 8 6 2 3 9 7 5 4 
5 9 4 1 7 6 8 3 2 
3 4 7 8 2 5 6 1 9 
6 5 2 4 9 7 1 8 3 
7 1 9 6 4 8 3 2 5 
8 3 5 7 6 2 9 4 1 
9 2 3 5 8 1 4 6 7 
4 6 1 9 5 3 2 7 8 
2 7 8 3 1 4 5 9 6 

Puzzle N8.77
2 7 1 3 8 9 6 4 5 
1 5 6 4 2 7 9 8 3 
9 3 4 8 5 1 2 7 6 
4 8 7 5 9 6 3 1 2 
6 9 3 2 7 4 8 5 1 
7 1 2 9 3 5 4 6 8 
5 4 8 6 1 2 7 3 9 
3 2 5 7 6 8 1 9 4 
8 6 9 1 4 3 5 2 7 

Puzzle N8.78
6 3 8 7 9 4 5 1 2 
1 4 7 8 2 9 6 5 3 
9 2 3 6 5 1 7 4 8 
5 8 1 4 3 6 2 9 7 
3 7 2 5 4 8 9 6 1 
2 5 6 1 7 3 4 8 9 
4 1 9 2 6 7 8 3 5 
8 6 5 9 1 2 3 7 4 
7 9 4 3 8 5 1 2 6 

Puzzle N8.79
9 6 7 1 5 8 2 4 3 
2 4 3 8 1 5 7 6 9 
5 8 2 6 7 9 3 1 4 
7 9 4 3 2 1 6 5 8 
4 1 5 9 6 3 8 2 7 
8 3 1 7 4 2 5 9 6 
6 2 9 5 8 7 4 3 1 
3 5 8 4 9 6 1 7 2 
1 7 6 2 3 4 9 8 5 

Puzzle N8.80
1 8 9 2 3 6 4 5 7 
6 4 7 5 8 2 1 3 9 
5 9 3 7 1 4 2 8 6 
7 2 4 3 6 8 5 9 1 
2 5 8 1 7 9 6 4 3 
3 1 6 4 9 5 7 2 8 
9 6 5 8 2 1 3 7 4 
8 7 2 6 4 3 9 1 5 
4 3 1 9 5 7 8 6 2 

Puzzle N8.81
5 8 7 9 2 6 4 1 3 
1 7 2 8 4 3 6 5 9 
6 9 3 5 1 8 7 2 4 
4 6 9 1 7 5 2 3 8 
2 4 8 6 3 9 5 7 1 
3 5 4 2 8 1 9 6 7 
9 3 5 4 6 7 1 8 2 
8 2 1 7 5 4 3 9 6 
7 1 6 3 9 2 8 4 5 

Puzzle N8.82
3 9 5 8 6 7 4 2 1 
4 8 7 1 2 9 3 5 6 
5 6 1 2 4 3 8 9 7 
7 4 6 5 1 2 9 8 3 
9 2 8 3 7 6 5 1 4 
1 3 9 4 8 5 7 6 2 
6 1 3 9 5 4 2 7 8 
2 7 4 6 9 8 1 3 5 
8 5 2 7 3 1 6 4 9 

Puzzle N8.83
4 3 5 9 8 1 2 7 6 
1 6 7 8 2 5 4 3 9 
8 4 9 3 5 6 1 2 7 
3 2 8 7 1 4 9 6 5 
2 9 6 5 7 3 8 4 1 
7 5 1 2 6 9 3 8 4 
5 1 4 6 3 2 7 9 8 
9 7 2 1 4 8 6 5 3 
6 8 3 4 9 7 5 1 2 

Puzzle N8.84
2 4 9 3 8 7 5 6 1 
7 1 6 5 3 9 4 2 8 
8 6 5 4 2 1 3 9 7 
6 3 7 8 9 5 1 4 2 
5 2 4 7 1 6 9 8 3 
1 8 3 6 4 2 7 5 9 
9 5 1 2 7 8 6 3 4 
4 9 8 1 6 3 2 7 5 
3 7 2 9 5 4 8 1 6 

Puzzle N8.85
1 3 4 6 2 7 9 5 8 
7 5 2 9 1 6 4 8 3 
8 9 6 2 7 3 5 1 4 
3 4 8 1 9 5 7 6 2 
5 8 3 4 6 2 1 7 9 
2 6 5 7 4 8 3 9 1 
9 1 7 3 8 4 6 2 5 
4 7 9 8 5 1 2 3 6 
6 2 1 5 3 9 8 4 7 

Puzzle N8.86
4 2 6 7 9 1 8 3 5 
8 1 3 6 7 5 2 4 9 
9 5 8 3 4 2 6 1 7 
5 3 4 9 8 7 1 2 6 
7 6 2 1 3 9 4 5 8 
2 9 1 8 5 6 3 7 4 
3 4 5 2 6 8 7 9 1 
6 7 9 4 1 3 5 8 2 
1 8 7 5 2 4 9 6 3 

Puzzle N8.87
7 8 6 4 2 9 5 3 1 
5 2 3 1 8 4 9 7 6 
3 9 5 6 7 8 4 1 2 
4 1 7 2 3 6 8 5 9 
8 4 9 3 5 1 6 2 7 
1 7 2 9 4 5 3 6 8 
6 5 4 8 1 7 2 9 3 
2 6 8 7 9 3 1 4 5 
9 3 1 5 6 2 7 8 4 

Puzzle N8.88
9 7 2 1 3 5 8 4 6 
1 8 6 4 9 2 7 5 3 
5 4 3 6 7 8 2 1 9 
3 5 1 2 6 4 9 8 7 
8 9 7 3 4 1 5 6 2 
2 6 9 8 5 7 1 3 4 
4 1 8 7 2 6 3 9 5 
7 3 4 5 1 9 6 2 8 
6 2 5 9 8 3 4 7 1 

Puzzle N8.89
6 1 7 2 9 8 5 4 3 
2 5 9 4 3 7 1 8 6 
1 3 8 5 7 6 4 9 2 
8 2 4 1 6 9 3 5 7 
4 7 6 3 2 5 8 1 9 
5 9 1 7 4 3 2 6 8 
3 6 5 8 1 2 9 7 4 
7 8 3 9 5 4 6 2 1 
9 4 2 6 8 1 7 3 5 

Puzzle N8.90
5 3 8 9 4 6 1 7 2 
1 4 2 7 3 8 6 5 9 
3 6 7 2 9 1 4 8 5 
6 2 1 4 8 5 9 3 7 
9 8 5 1 7 2 3 6 4 
8 7 9 5 6 4 2 1 3 
4 5 6 3 2 7 8 9 1 
2 1 3 6 5 9 7 4 8 
7 9 4 8 1 3 5 2 6 

Puzzle N8.91
7 6 1 4 8 2 3 9 5 
9 8 5 6 7 4 2 1 3 
2 9 4 3 1 8 5 6 7 
4 1 7 5 3 9 6 8 2 
3 5 6 2 9 1 7 4 8 
5 2 8 9 6 7 4 3 1 
8 7 3 1 4 5 9 2 6 
1 3 9 7 2 6 8 5 4 
6 4 2 8 5 3 1 7 9 

Puzzle N8.92
3 8 7 1 4 9 6 2 5 
4 9 1 7 2 5 3 6 8 
6 5 8 4 1 2 9 3 7 
9 2 3 6 5 8 7 4 1 
2 7 9 8 6 4 1 5 3 
1 4 5 3 7 6 2 8 9 
8 3 6 5 9 1 4 7 2 
5 1 4 2 3 7 8 9 6 
7 6 2 9 8 3 5 1 4 

Puzzle N8.93
8 9 1 3 5 6 7 2 4 
2 6 4 8 7 3 5 9 1 
3 7 6 9 2 5 1 4 8 
5 4 2 1 8 7 9 6 3 
1 8 3 4 9 2 6 5 7 
9 2 8 7 6 1 4 3 5 
4 5 7 6 1 9 3 8 2 
7 3 9 5 4 8 2 1 6 
6 1 5 2 3 4 8 7 9 

Puzzle N8.94
2 5 3 4 6 1 7 9 8 
1 6 8 7 9 3 2 5 4 
7 9 4 5 8 6 1 3 2 
8 2 7 1 3 5 9 4 6 
9 1 5 2 4 8 3 6 7 
3 4 6 8 1 2 5 7 9 
6 7 9 3 2 4 8 1 5 
4 3 2 9 5 7 6 8 1 
5 8 1 6 7 9 4 2 3 

Puzzle N8.95
3 2 6 7 9 8 5 4 1 
1 7 8 2 3 4 6 9 5 
4 6 3 9 5 1 7 8 2 
5 8 4 3 6 2 9 1 7 
9 1 2 4 7 5 8 3 6 
7 5 1 6 8 3 4 2 9 
8 4 9 5 1 6 2 7 3 
6 3 7 8 2 9 1 5 4 
2 9 5 1 4 7 3 6 8 

Puzzle N8.96
9 6 8 4 5 2 1 7 3 
1 2 4 8 6 7 3 9 5 
3 5 7 9 8 6 4 2 1 
5 9 3 2 1 4 7 8 6 
8 7 1 6 9 3 2 5 4 
4 8 2 5 3 1 9 6 7 
6 3 9 1 7 5 8 4 2 
2 1 5 7 4 9 6 3 8 
7 4 6 3 2 8 5 1 9 

Puzzle N8.97
4 5 3 1 9 8 7 2 6 
8 9 6 5 1 4 2 3 7 
7 2 4 6 3 5 1 8 9 
1 6 7 9 2 3 8 4 5 
5 3 2 8 7 6 4 9 1 
2 7 8 3 6 9 5 1 4 
9 1 5 4 8 7 3 6 2 
6 8 1 7 4 2 9 5 3 
3 4 9 2 5 1 6 7 8 

Puzzle N8.98
6 2 7 4 8 1 5 3 9 
9 8 3 5 7 4 1 2 6 
1 5 9 8 2 3 6 4 7 
3 4 1 7 6 9 8 5 2 
2 9 4 1 5 6 3 7 8 
7 6 8 2 9 5 4 1 3 
5 7 2 3 4 8 9 6 1 
8 3 5 6 1 7 2 9 4 
4 1 6 9 3 2 7 8 5 

Puzzle N8.99
1 4 9 8 2 6 3 7 5 
8 6 7 9 4 5 1 3 2 
5 3 1 2 7 9 4 6 8 
3 2 4 7 6 8 5 9 1 
6 9 8 5 3 1 7 2 4 
2 7 5 1 9 3 8 4 6 
9 5 2 4 8 7 6 1 3 
7 8 3 6 1 4 2 5 9 
4 1 6 3 5 2 9 8 7 

